(kicad_pcb (version 20171130) (host pcbnew "(5.0.0-rc3-dev-13-g33a0856)")

  (general
    (thickness 1.6)
    (drawings 48)
    (tracks 1204)
    (zones 0)
    (modules 77)
    (nets 51)
  )

  (page A4)
  (layers
    (0 F.Cu mixed)
    (1 In1.Cu power)
    (2 In2.Cu signal)
    (31 B.Cu mixed)
    (32 B.Adhes user)
    (33 F.Adhes user)
    (34 B.Paste user)
    (35 F.Paste user hide)
    (36 B.SilkS user)
    (37 F.SilkS user)
    (38 B.Mask user)
    (39 F.Mask user)
    (40 Dwgs.User user)
    (41 Cmts.User user)
    (42 Eco1.User user hide)
    (43 Eco2.User user hide)
    (44 Edge.Cuts user)
    (45 Margin user hide)
    (46 B.CrtYd user)
    (47 F.CrtYd user)
    (48 B.Fab user hide)
    (49 F.Fab user hide)
  )

  (setup
    (last_trace_width 0.25)
    (trace_clearance 0.18)
    (zone_clearance 0.24)
    (zone_45_only no)
    (trace_min 0.2)
    (segment_width 0.2)
    (edge_width 0.15)
    (via_size 0.6)
    (via_drill 0.3)
    (via_min_size 0.5)
    (via_min_drill 0.3)
    (uvia_size 0.3)
    (uvia_drill 0.1)
    (uvias_allowed no)
    (uvia_min_size 0.2)
    (uvia_min_drill 0.1)
    (pcb_text_width 0.3)
    (pcb_text_size 1.5 1.5)
    (mod_edge_width 0.15)
    (mod_text_size 1 1)
    (mod_text_width 0.15)
    (pad_size 8.6 8.6)
    (pad_drill 4.3)
    (pad_to_mask_clearance 0.1)
    (aux_axis_origin 0 0)
    (visible_elements FEFFFF7F)
    (pcbplotparams
      (layerselection 0x010fc_ffffffff)
      (usegerberextensions true)
      (usegerberattributes false)
      (usegerberadvancedattributes false)
      (creategerberjobfile false)
      (excludeedgelayer true)
      (linewidth 0.100000)
      (plotframeref false)
      (viasonmask false)
      (mode 1)
      (useauxorigin false)
      (hpglpennumber 1)
      (hpglpenspeed 20)
      (hpglpendiameter 15.000000)
      (psnegative false)
      (psa4output false)
      (plotreference true)
      (plotvalue true)
      (plotinvisibletext false)
      (padsonsilk false)
      (subtractmaskfromsilk false)
      (outputformat 1)
      (mirror false)
      (drillshape 0)
      (scaleselection 1)
      (outputdirectory "gerbers/"))
  )

  (net 0 "")
  (net 1 GND)
  (net 2 BAT+)
  (net 3 "Net-(JP1-Pad3)")
  (net 4 NTC)
  (net 5 "Net-(MK1-Pad1)")
  (net 6 "Net-(MK2-Pad1)")
  (net 7 "Net-(C1-Pad2)")
  (net 8 "Net-(C1-Pad1)")
  (net 9 VIN+)
  (net 10 "Net-(C6-Pad1)")
  (net 11 "Net-(C7-Pad1)")
  (net 12 "Net-(C7-Pad2)")
  (net 13 "Net-(C8-Pad1)")
  (net 14 "Net-(C12-Pad1)")
  (net 15 INT_VCC)
  (net 16 "Net-(C15-Pad2)")
  (net 17 LOAD+)
  (net 18 "Net-(C16-Pad1)")
  (net 19 "Net-(C16-Pad2)")
  (net 20 "Net-(C26-Pad2)")
  (net 21 "Net-(Cb1-Pad2)")
  (net 22 "Net-(Cc1-Pad1)")
  (net 23 "Net-(Cc1-Pad2)")
  (net 24 "Net-(D1-Pad2)")
  (net 25 "Net-(J3-Pad2)")
  (net 26 "Net-(JP1-Pad2)")
  (net 27 "Net-(JP1-Pad1)")
  (net 28 "Net-(JP2-Pad1)")
  (net 29 "Net-(JP2-Pad2)")
  (net 30 "Net-(M2-Pad3)")
  (net 31 "Net-(M2-Pad1)")
  (net 32 "Net-(M3-Pad1)")
  (net 33 "Net-(M3-Pad8)")
  (net 34 "Net-(M4-Pad4)")
  (net 35 "Net-(M5-Pad4)")
  (net 36 "Net-(R4-Pad2)")
  (net 37 "Net-(Rntcbias1-Pad1)")
  (net 38 "Net-(Rt1-Pad1)")
  (net 39 /ISNS)
  (net 40 /BAT_PRESENSE)
  (net 41 /SW)
  (net 42 /CHEM0)
  (net 43 /CHEM1)
  (net 44 /CELLS0)
  (net 45 /CELLS1)
  (net 46 /CELLS2)
  (net 47 /SDA)
  (net 48 /DVCC)
  (net 49 /~SMBALERT)
  (net 50 /SCL)

  (net_class Default "This is the default net class."
    (clearance 0.18)
    (trace_width 0.25)
    (via_dia 0.6)
    (via_drill 0.3)
    (uvia_dia 0.3)
    (uvia_drill 0.1)
    (add_net /BAT_PRESENSE)
    (add_net /CELLS0)
    (add_net /CELLS1)
    (add_net /CELLS2)
    (add_net /CHEM0)
    (add_net /CHEM1)
    (add_net /DVCC)
    (add_net /ISNS)
    (add_net /SCL)
    (add_net /SDA)
    (add_net /SW)
    (add_net /~SMBALERT)
    (add_net BAT+)
    (add_net GND)
    (add_net INT_VCC)
    (add_net LOAD+)
    (add_net NTC)
    (add_net "Net-(C1-Pad1)")
    (add_net "Net-(C1-Pad2)")
    (add_net "Net-(C12-Pad1)")
    (add_net "Net-(C15-Pad2)")
    (add_net "Net-(C16-Pad1)")
    (add_net "Net-(C16-Pad2)")
    (add_net "Net-(C6-Pad1)")
    (add_net "Net-(C7-Pad1)")
    (add_net "Net-(C7-Pad2)")
    (add_net "Net-(C8-Pad1)")
    (add_net "Net-(Cb1-Pad2)")
    (add_net "Net-(Cc1-Pad1)")
    (add_net "Net-(Cc1-Pad2)")
    (add_net "Net-(D1-Pad2)")
    (add_net "Net-(J3-Pad2)")
    (add_net "Net-(JP1-Pad1)")
    (add_net "Net-(JP1-Pad2)")
    (add_net "Net-(JP1-Pad3)")
    (add_net "Net-(JP2-Pad1)")
    (add_net "Net-(JP2-Pad2)")
    (add_net "Net-(M2-Pad1)")
    (add_net "Net-(M2-Pad3)")
    (add_net "Net-(M3-Pad1)")
    (add_net "Net-(M3-Pad8)")
    (add_net "Net-(M4-Pad4)")
    (add_net "Net-(M5-Pad4)")
    (add_net "Net-(MK1-Pad1)")
    (add_net "Net-(MK2-Pad1)")
    (add_net "Net-(R4-Pad2)")
    (add_net "Net-(Rntcbias1-Pad1)")
    (add_net "Net-(Rt1-Pad1)")
    (add_net VIN+)
  )

  (net_class Thick ""
    (clearance 0.18)
    (trace_width 0.6)
    (via_dia 0.6)
    (via_drill 0.3)
    (uvia_dia 0.3)
    (uvia_drill 0.1)
    (add_net "Net-(C26-Pad2)")
  )

  (module MountingHole:MountingHole_4.3mm_M4_Pad_Via (layer F.Cu) (tedit 56DDBFD7) (tstamp 5B81C3B4)
    (at 23 53)
    (descr "Mounting Hole 4.3mm, M4")
    (tags "mounting hole 4.3mm m4")
    (path /5B8A2518)
    (attr virtual)
    (fp_text reference MK1 (at -0.013 -5.375) (layer F.SilkS)
      (effects (font (size 1 1) (thickness 0.15)))
    )
    (fp_text value Mounting_Hole_PAD (at 0 5.3) (layer F.Fab)
      (effects (font (size 1 1) (thickness 0.15)))
    )
    (fp_text user %R (at 0.3 0) (layer F.Fab)
      (effects (font (size 1 1) (thickness 0.15)))
    )
    (fp_circle (center 0 0) (end 4.3 0) (layer Cmts.User) (width 0.15))
    (fp_circle (center 0 0) (end 4.55 0) (layer F.CrtYd) (width 0.05))
    (pad 1 thru_hole circle (at 0 0) (size 8.6 8.6) (drill 4.3) (layers *.Cu *.Mask)
      (net 5 "Net-(MK1-Pad1)"))
    (pad 1 thru_hole circle (at 3.225 0) (size 0.9 0.9) (drill 0.6) (layers *.Cu *.Mask)
      (net 5 "Net-(MK1-Pad1)"))
    (pad 1 thru_hole circle (at 2.280419 2.280419) (size 0.9 0.9) (drill 0.6) (layers *.Cu *.Mask)
      (net 5 "Net-(MK1-Pad1)"))
    (pad 1 thru_hole circle (at 0 3.225) (size 0.9 0.9) (drill 0.6) (layers *.Cu *.Mask)
      (net 5 "Net-(MK1-Pad1)"))
    (pad 1 thru_hole circle (at -2.280419 2.280419) (size 0.9 0.9) (drill 0.6) (layers *.Cu *.Mask)
      (net 5 "Net-(MK1-Pad1)"))
    (pad 1 thru_hole circle (at -3.225 0) (size 0.9 0.9) (drill 0.6) (layers *.Cu *.Mask)
      (net 5 "Net-(MK1-Pad1)"))
    (pad 1 thru_hole circle (at -2.280419 -2.280419) (size 0.9 0.9) (drill 0.6) (layers *.Cu *.Mask)
      (net 5 "Net-(MK1-Pad1)"))
    (pad 1 thru_hole circle (at 0 -3.225) (size 0.9 0.9) (drill 0.6) (layers *.Cu *.Mask)
      (net 5 "Net-(MK1-Pad1)"))
    (pad 1 thru_hole circle (at 2.280419 -2.280419) (size 0.9 0.9) (drill 0.6) (layers *.Cu *.Mask)
      (net 5 "Net-(MK1-Pad1)"))
  )

  (module MountingHole:MountingHole_4.3mm_M4_Pad_Via (layer F.Cu) (tedit 56DDBFD7) (tstamp 5B778B3B)
    (at 23 6)
    (descr "Mounting Hole 4.3mm, M4")
    (tags "mounting hole 4.3mm m4")
    (path /5B8A26BF)
    (attr virtual)
    (fp_text reference MK2 (at -2.68 5.049) (layer F.SilkS)
      (effects (font (size 1 1) (thickness 0.15)))
    )
    (fp_text value Mounting_Hole_PAD (at 0 5.3) (layer F.Fab)
      (effects (font (size 1 1) (thickness 0.15)))
    )
    (fp_circle (center 0 0) (end 4.55 0) (layer F.CrtYd) (width 0.05))
    (fp_circle (center 0 0) (end 4.3 0) (layer Cmts.User) (width 0.15))
    (fp_text user %R (at 0.3 0) (layer F.Fab)
      (effects (font (size 1 1) (thickness 0.15)))
    )
    (pad 1 thru_hole circle (at 2.280419 -2.280419) (size 0.9 0.9) (drill 0.6) (layers *.Cu *.Mask)
      (net 6 "Net-(MK2-Pad1)"))
    (pad 1 thru_hole circle (at 0 -3.225) (size 0.9 0.9) (drill 0.6) (layers *.Cu *.Mask)
      (net 6 "Net-(MK2-Pad1)"))
    (pad 1 thru_hole circle (at -2.280419 -2.280419) (size 0.9 0.9) (drill 0.6) (layers *.Cu *.Mask)
      (net 6 "Net-(MK2-Pad1)"))
    (pad 1 thru_hole circle (at -3.225 0) (size 0.9 0.9) (drill 0.6) (layers *.Cu *.Mask)
      (net 6 "Net-(MK2-Pad1)"))
    (pad 1 thru_hole circle (at -2.280419 2.280419) (size 0.9 0.9) (drill 0.6) (layers *.Cu *.Mask)
      (net 6 "Net-(MK2-Pad1)"))
    (pad 1 thru_hole circle (at 0 3.225) (size 0.9 0.9) (drill 0.6) (layers *.Cu *.Mask)
      (net 6 "Net-(MK2-Pad1)"))
    (pad 1 thru_hole circle (at 2.280419 2.280419) (size 0.9 0.9) (drill 0.6) (layers *.Cu *.Mask)
      (net 6 "Net-(MK2-Pad1)"))
    (pad 1 thru_hole circle (at 3.225 0) (size 0.9 0.9) (drill 0.6) (layers *.Cu *.Mask)
      (net 6 "Net-(MK2-Pad1)"))
    (pad 1 thru_hole circle (at 0 0) (size 8.6 8.6) (drill 4.3) (layers *.Cu *.Mask)
      (net 6 "Net-(MK2-Pad1)"))
  )

  (module Package_DFN_QFN:QFN-38-1EP_5x7mm_P0.5mm_EP3.15x5.15mm (layer F.Cu) (tedit 5B7051A5) (tstamp 5B73E621)
    (at 24.765 22.987 270)
    (descr "UHF Package; 38-Lead Plastic QFN (5mm x 7mm); (see Linear Technology QFN_38_05-08-1701.pdf)")
    (tags "QFN 0.5")
    (path /5B6D9E5E)
    (attr smd)
    (fp_text reference U1 (at 2.286 -4.572 270) (layer F.SilkS)
      (effects (font (size 0.7 0.6) (thickness 0.15)))
    )
    (fp_text value LTC4015EUHF (at 0 4.75 270) (layer F.Fab)
      (effects (font (size 1 1) (thickness 0.15)))
    )
    (fp_text user %R (at 0 0 270) (layer F.Fab)
      (effects (font (size 1 1) (thickness 0.15)))
    )
    (fp_line (start -1.5 -3.5) (end 2.5 -3.5) (layer F.Fab) (width 0.15))
    (fp_line (start 2.5 -3.5) (end 2.5 3.5) (layer F.Fab) (width 0.15))
    (fp_line (start 2.5 3.5) (end -2.5 3.5) (layer F.Fab) (width 0.15))
    (fp_line (start -2.5 3.5) (end -2.5 -2.5) (layer F.Fab) (width 0.15))
    (fp_line (start -2.5 -2.5) (end -1.5 -3.5) (layer F.Fab) (width 0.15))
    (fp_line (start -3 -4) (end -3 4) (layer F.CrtYd) (width 0.05))
    (fp_line (start 3 -4) (end 3 4) (layer F.CrtYd) (width 0.05))
    (fp_line (start -3 -4) (end 3 -4) (layer F.CrtYd) (width 0.05))
    (fp_line (start -3 4) (end 3 4) (layer F.CrtYd) (width 0.05))
    (fp_line (start 2.625 -3.625) (end 2.625 -3.1) (layer F.SilkS) (width 0.15))
    (fp_line (start -2.625 3.625) (end -2.625 3.1) (layer F.SilkS) (width 0.15))
    (fp_line (start 2.625 3.625) (end 2.625 3.1) (layer F.SilkS) (width 0.15))
    (fp_line (start -2.625 -3.625) (end -1.85 -3.625) (layer F.SilkS) (width 0.15))
    (fp_line (start -2.625 3.625) (end -1.85 3.625) (layer F.SilkS) (width 0.15))
    (fp_line (start 2.625 3.625) (end 1.85 3.625) (layer F.SilkS) (width 0.15))
    (fp_line (start 2.625 -3.625) (end 1.85 -3.625) (layer F.SilkS) (width 0.15))
    (pad 1 smd rect (at -2.4 -2.75 270) (size 0.7 0.25) (layers F.Cu F.Paste F.Mask)
      (net 45 /CELLS1))
    (pad 2 smd rect (at -2.4 -2.25 270) (size 0.7 0.25) (layers F.Cu F.Paste F.Mask)
      (net 46 /CELLS2))
    (pad 3 smd rect (at -2.4 -1.75 270) (size 0.7 0.25) (layers F.Cu F.Paste F.Mask)
      (net 48 /DVCC))
    (pad 4 smd rect (at -2.4 -1.25 270) (size 0.7 0.25) (layers F.Cu F.Paste F.Mask)
      (net 50 /SCL))
    (pad 5 smd rect (at -2.4 -0.75 270) (size 0.7 0.25) (layers F.Cu F.Paste F.Mask)
      (net 47 /SDA))
    (pad 6 smd rect (at -2.4 -0.25 270) (size 0.7 0.25) (layers F.Cu F.Paste F.Mask)
      (net 49 /~SMBALERT))
    (pad 7 smd rect (at -2.4 0.25 270) (size 0.7 0.25) (layers F.Cu F.Paste F.Mask)
      (net 1 GND))
    (pad 8 smd rect (at -2.4 0.75 270) (size 0.7 0.25) (layers F.Cu F.Paste F.Mask)
      (net 10 "Net-(C6-Pad1)"))
    (pad 9 smd rect (at -2.4 1.25 270) (size 0.7 0.25) (layers F.Cu F.Paste F.Mask)
      (net 22 "Net-(Cc1-Pad1)"))
    (pad 10 smd rect (at -2.4 1.75 270) (size 0.7 0.25) (layers F.Cu F.Paste F.Mask)
      (net 38 "Net-(Rt1-Pad1)"))
    (pad 11 smd rect (at -2.4 2.25 270) (size 0.7 0.25) (layers F.Cu F.Paste F.Mask)
      (net 29 "Net-(JP2-Pad2)"))
    (pad 12 smd rect (at -2.4 2.75 270) (size 0.7 0.25) (layers F.Cu F.Paste F.Mask)
      (net 37 "Net-(Rntcbias1-Pad1)"))
    (pad 13 smd rect (at -1.5 3.4) (size 0.7 0.25) (layers F.Cu F.Paste F.Mask)
      (net 25 "Net-(J3-Pad2)"))
    (pad 14 smd rect (at -1 3.4) (size 0.7 0.25) (layers F.Cu F.Paste F.Mask)
      (net 1 GND))
    (pad 15 smd rect (at -0.5 3.4) (size 0.7 0.25) (layers F.Cu F.Paste F.Mask)
      (net 14 "Net-(C12-Pad1)"))
    (pad 16 smd rect (at 0 3.4) (size 0.7 0.25) (layers F.Cu F.Paste F.Mask)
      (net 12 "Net-(C7-Pad2)"))
    (pad 17 smd rect (at 0.5 3.4) (size 0.7 0.25) (layers F.Cu F.Paste F.Mask)
      (net 11 "Net-(C7-Pad1)"))
    (pad 18 smd rect (at 1 3.4) (size 0.7 0.25) (layers F.Cu F.Paste F.Mask)
      (net 2 BAT+))
    (pad 19 smd rect (at 1.5 3.4) (size 0.7 0.25) (layers F.Cu F.Paste F.Mask)
      (net 2 BAT+))
    (pad 20 smd rect (at 2.4 2.75 270) (size 0.7 0.25) (layers F.Cu F.Paste F.Mask)
      (net 40 /BAT_PRESENSE))
    (pad 21 smd rect (at 2.4 2.25 270) (size 0.7 0.25) (layers F.Cu F.Paste F.Mask)
      (net 26 "Net-(JP1-Pad2)"))
    (pad 22 smd rect (at 2.4 1.75 270) (size 0.7 0.25) (layers F.Cu F.Paste F.Mask)
      (net 13 "Net-(C8-Pad1)"))
    (pad 23 smd rect (at 2.4 1.25 270) (size 0.7 0.25) (layers F.Cu F.Paste F.Mask)
      (net 41 /SW))
    (pad 24 smd rect (at 2.4 0.75 270) (size 0.7 0.25) (layers F.Cu F.Paste F.Mask)
      (net 33 "Net-(M3-Pad8)"))
    (pad 25 smd rect (at 2.4 0.25 270) (size 0.7 0.25) (layers F.Cu F.Paste F.Mask)
      (net 21 "Net-(Cb1-Pad2)"))
    (pad 26 smd rect (at 2.4 -0.25 270) (size 0.7 0.25) (layers F.Cu F.Paste F.Mask)
      (net 32 "Net-(M3-Pad1)"))
    (pad 27 smd rect (at 2.4 -0.75 270) (size 0.7 0.25) (layers F.Cu F.Paste F.Mask)
      (net 15 INT_VCC))
    (pad 28 smd rect (at 2.4 -1.25 270) (size 0.7 0.25) (layers F.Cu F.Paste F.Mask)
      (net 15 INT_VCC))
    (pad 29 smd rect (at 2.4 -1.75 270) (size 0.7 0.25) (layers F.Cu F.Paste F.Mask)
      (net 34 "Net-(M4-Pad4)"))
    (pad 30 smd rect (at 2.4 -2.25 270) (size 0.7 0.25) (layers F.Cu F.Paste F.Mask)
      (net 16 "Net-(C15-Pad2)"))
    (pad 31 smd rect (at 2.4 -2.75 270) (size 0.7 0.25) (layers F.Cu F.Paste F.Mask)
      (net 17 LOAD+))
    (pad 32 smd rect (at 1.5 -3.4) (size 0.7 0.25) (layers F.Cu F.Paste F.Mask)
      (net 19 "Net-(C16-Pad2)"))
    (pad 33 smd rect (at 1 -3.4) (size 0.7 0.25) (layers F.Cu F.Paste F.Mask)
      (net 18 "Net-(C16-Pad1)"))
    (pad 34 smd rect (at 0.5 -3.4) (size 0.7 0.25) (layers F.Cu F.Paste F.Mask)
      (net 35 "Net-(M5-Pad4)"))
    (pad 35 smd rect (at 0 -3.4) (size 0.7 0.25) (layers F.Cu F.Paste F.Mask)
      (net 9 VIN+))
    (pad 36 smd rect (at -0.5 -3.4) (size 0.7 0.25) (layers F.Cu F.Paste F.Mask)
      (net 42 /CHEM0))
    (pad 37 smd rect (at -1 -3.4) (size 0.7 0.25) (layers F.Cu F.Paste F.Mask)
      (net 43 /CHEM1))
    (pad 38 smd rect (at -1.5 -3.4) (size 0.7 0.25) (layers F.Cu F.Paste F.Mask)
      (net 44 /CELLS0))
    (pad "" smd rect (at 1.05 2.06 270) (size 0.84 0.84) (layers F.Paste))
    (pad 39 smd rect (at 0 0 270) (size 3.15 5.15) (layers F.Cu F.Mask)
      (net 1 GND))
    (pad "" smd rect (at 0 2.06 270) (size 0.84 0.84) (layers F.Paste))
    (pad "" smd rect (at -1.05 2.06 270) (size 0.84 0.84) (layers F.Paste))
    (pad "" smd rect (at -1.05 1.03 270) (size 0.84 0.84) (layers F.Paste))
    (pad "" smd rect (at 0 1.03 270) (size 0.84 0.84) (layers F.Paste))
    (pad "" smd rect (at 1.05 1.03 270) (size 0.84 0.84) (layers F.Paste))
    (pad "" smd rect (at -1.05 0 270) (size 0.84 0.84) (layers F.Paste))
    (pad "" smd rect (at 0 0 270) (size 0.84 0.84) (layers F.Paste))
    (pad "" smd rect (at 1.05 0 270) (size 0.84 0.84) (layers F.Paste))
    (pad "" smd rect (at -1.05 -1.03 270) (size 0.84 0.84) (layers F.Paste))
    (pad "" smd rect (at 0 -1.03 270) (size 0.84 0.84) (layers F.Paste))
    (pad "" smd rect (at 1.05 -1.03 270) (size 0.84 0.84) (layers F.Paste))
    (pad "" smd rect (at -1.05 -2.06 270) (size 0.84 0.84) (layers F.Paste))
    (pad "" smd rect (at 0 -2.06 270) (size 0.84 0.84) (layers F.Paste))
    (pad "" smd rect (at 1.05 -2.06 270) (size 0.84 0.84) (layers F.Paste))
    (model ${KISYS3DMOD}/Package_DFN_QFN.3dshapes/QFN-38-1EP_5x7mm_P0.5mm_EP3.15x5.15mm.wrl
      (at (xyz 0 0 0))
      (scale (xyz 1 1 1))
      (rotate (xyz 0 0 0))
    )
  )

  (module Capacitor_SMD:C_0805_2012Metric (layer F.Cu) (tedit 5B7051BE) (tstamp 5B75C303)
    (at 29.591 14.859 270)
    (descr "Capacitor SMD 0805 (2012 Metric), square (rectangular) end terminal, IPC_7351 nominal, (Body size source: https://docs.google.com/spreadsheets/d/1BsfQQcO9C6DZCsRaXUlFlo91Tg2WpOkGARC1WS5S8t0/edit?usp=sharing), generated with kicad-footprint-generator")
    (tags capacitor)
    (path /5B6DB04D)
    (attr smd)
    (fp_text reference C1 (at -1.143 1.397 90) (layer F.SilkS)
      (effects (font (size 0.7 0.6) (thickness 0.15)))
    )
    (fp_text value 2200p (at 0 1.65 270) (layer F.Fab)
      (effects (font (size 1 1) (thickness 0.15)))
    )
    (fp_text user %R (at 0 0 270) (layer F.Fab)
      (effects (font (size 0.5 0.5) (thickness 0.08)))
    )
    (fp_line (start 1.68 0.95) (end -1.68 0.95) (layer F.CrtYd) (width 0.05))
    (fp_line (start 1.68 -0.95) (end 1.68 0.95) (layer F.CrtYd) (width 0.05))
    (fp_line (start -1.68 -0.95) (end 1.68 -0.95) (layer F.CrtYd) (width 0.05))
    (fp_line (start -1.68 0.95) (end -1.68 -0.95) (layer F.CrtYd) (width 0.05))
    (fp_line (start -0.258578 0.71) (end 0.258578 0.71) (layer F.SilkS) (width 0.12))
    (fp_line (start -0.258578 -0.71) (end 0.258578 -0.71) (layer F.SilkS) (width 0.12))
    (fp_line (start 1 0.6) (end -1 0.6) (layer F.Fab) (width 0.1))
    (fp_line (start 1 -0.6) (end 1 0.6) (layer F.Fab) (width 0.1))
    (fp_line (start -1 -0.6) (end 1 -0.6) (layer F.Fab) (width 0.1))
    (fp_line (start -1 0.6) (end -1 -0.6) (layer F.Fab) (width 0.1))
    (pad 2 smd roundrect (at 0.9375 0 270) (size 0.975 1.4) (layers F.Cu F.Paste F.Mask) (roundrect_rratio 0.25)
      (net 7 "Net-(C1-Pad2)"))
    (pad 1 smd roundrect (at -0.9375 0 270) (size 0.975 1.4) (layers F.Cu F.Paste F.Mask) (roundrect_rratio 0.25)
      (net 8 "Net-(C1-Pad1)"))
    (model ${KISYS3DMOD}/Capacitor_SMD.3dshapes/C_0805_2012Metric.wrl
      (at (xyz 0 0 0))
      (scale (xyz 1 1 1))
      (rotate (xyz 0 0 0))
    )
  )

  (module Capacitor_SMD:C_0805_2012Metric (layer F.Cu) (tedit 5B704FA6) (tstamp 5B73FB7D)
    (at 23.368 16.256 90)
    (descr "Capacitor SMD 0805 (2012 Metric), square (rectangular) end terminal, IPC_7351 nominal, (Body size source: https://docs.google.com/spreadsheets/d/1BsfQQcO9C6DZCsRaXUlFlo91Tg2WpOkGARC1WS5S8t0/edit?usp=sharing), generated with kicad-footprint-generator")
    (tags capacitor)
    (path /5B6F2B8F)
    (attr smd)
    (fp_text reference C6 (at 2.032 0 180) (layer F.SilkS)
      (effects (font (size 0.7 0.6) (thickness 0.15)))
    )
    (fp_text value 100p (at 0 1.65 90) (layer F.Fab)
      (effects (font (size 1 1) (thickness 0.15)))
    )
    (fp_text user %R (at 0 0 90) (layer F.Fab)
      (effects (font (size 0.5 0.5) (thickness 0.08)))
    )
    (fp_line (start 1.68 0.95) (end -1.68 0.95) (layer F.CrtYd) (width 0.05))
    (fp_line (start 1.68 -0.95) (end 1.68 0.95) (layer F.CrtYd) (width 0.05))
    (fp_line (start -1.68 -0.95) (end 1.68 -0.95) (layer F.CrtYd) (width 0.05))
    (fp_line (start -1.68 0.95) (end -1.68 -0.95) (layer F.CrtYd) (width 0.05))
    (fp_line (start -0.258578 0.71) (end 0.258578 0.71) (layer F.SilkS) (width 0.12))
    (fp_line (start -0.258578 -0.71) (end 0.258578 -0.71) (layer F.SilkS) (width 0.12))
    (fp_line (start 1 0.6) (end -1 0.6) (layer F.Fab) (width 0.1))
    (fp_line (start 1 -0.6) (end 1 0.6) (layer F.Fab) (width 0.1))
    (fp_line (start -1 -0.6) (end 1 -0.6) (layer F.Fab) (width 0.1))
    (fp_line (start -1 0.6) (end -1 -0.6) (layer F.Fab) (width 0.1))
    (pad 2 smd roundrect (at 0.9375 0 90) (size 0.975 1.4) (layers F.Cu F.Paste F.Mask) (roundrect_rratio 0.25)
      (net 1 GND))
    (pad 1 smd roundrect (at -0.9375 0 90) (size 0.975 1.4) (layers F.Cu F.Paste F.Mask) (roundrect_rratio 0.25)
      (net 10 "Net-(C6-Pad1)"))
    (model ${KISYS3DMOD}/Capacitor_SMD.3dshapes/C_0805_2012Metric.wrl
      (at (xyz 0 0 0))
      (scale (xyz 1 1 1))
      (rotate (xyz 0 0 0))
    )
  )

  (module Capacitor_SMD:C_0805_2012Metric (layer F.Cu) (tedit 5B7150CE) (tstamp 5B73FB4D)
    (at 18.034 22.606 90)
    (descr "Capacitor SMD 0805 (2012 Metric), square (rectangular) end terminal, IPC_7351 nominal, (Body size source: https://docs.google.com/spreadsheets/d/1BsfQQcO9C6DZCsRaXUlFlo91Tg2WpOkGARC1WS5S8t0/edit?usp=sharing), generated with kicad-footprint-generator")
    (tags capacitor)
    (path /5B70CE58)
    (attr smd)
    (fp_text reference C7 (at 2.1105 0 180) (layer F.SilkS)
      (effects (font (size 0.7 0.6) (thickness 0.15)))
    )
    (fp_text value 0.1u (at 0 1.65 90) (layer F.Fab)
      (effects (font (size 1 1) (thickness 0.15)))
    )
    (fp_line (start -1 0.6) (end -1 -0.6) (layer F.Fab) (width 0.1))
    (fp_line (start -1 -0.6) (end 1 -0.6) (layer F.Fab) (width 0.1))
    (fp_line (start 1 -0.6) (end 1 0.6) (layer F.Fab) (width 0.1))
    (fp_line (start 1 0.6) (end -1 0.6) (layer F.Fab) (width 0.1))
    (fp_line (start -0.258578 -0.71) (end 0.258578 -0.71) (layer F.SilkS) (width 0.12))
    (fp_line (start -0.258578 0.71) (end 0.258578 0.71) (layer F.SilkS) (width 0.12))
    (fp_line (start -1.68 0.95) (end -1.68 -0.95) (layer F.CrtYd) (width 0.05))
    (fp_line (start -1.68 -0.95) (end 1.68 -0.95) (layer F.CrtYd) (width 0.05))
    (fp_line (start 1.68 -0.95) (end 1.68 0.95) (layer F.CrtYd) (width 0.05))
    (fp_line (start 1.68 0.95) (end -1.68 0.95) (layer F.CrtYd) (width 0.05))
    (fp_text user %R (at 0 0 90) (layer F.Fab)
      (effects (font (size 0.5 0.5) (thickness 0.08)))
    )
    (pad 1 smd roundrect (at -0.9375 0 90) (size 0.975 1.4) (layers F.Cu F.Paste F.Mask) (roundrect_rratio 0.25)
      (net 11 "Net-(C7-Pad1)"))
    (pad 2 smd roundrect (at 0.9375 0 90) (size 0.975 1.4) (layers F.Cu F.Paste F.Mask) (roundrect_rratio 0.25)
      (net 12 "Net-(C7-Pad2)"))
    (model ${KISYS3DMOD}/Capacitor_SMD.3dshapes/C_0805_2012Metric.wrl
      (at (xyz 0 0 0))
      (scale (xyz 1 1 1))
      (rotate (xyz 0 0 0))
    )
  )

  (module Capacitor_SMD:C_0805_2012Metric (layer F.Cu) (tedit 5B70519A) (tstamp 5B73FB1D)
    (at 17.526 26.162 180)
    (descr "Capacitor SMD 0805 (2012 Metric), square (rectangular) end terminal, IPC_7351 nominal, (Body size source: https://docs.google.com/spreadsheets/d/1BsfQQcO9C6DZCsRaXUlFlo91Tg2WpOkGARC1WS5S8t0/edit?usp=sharing), generated with kicad-footprint-generator")
    (tags capacitor)
    (path /5B9FDF4E)
    (attr smd)
    (fp_text reference C8 (at 0 1.27 180) (layer F.SilkS)
      (effects (font (size 0.7 0.6) (thickness 0.15)))
    )
    (fp_text value 2.2u (at 0 1.65 180) (layer F.Fab)
      (effects (font (size 1 1) (thickness 0.15)))
    )
    (fp_text user %R (at 0 0 180) (layer F.Fab)
      (effects (font (size 0.5 0.5) (thickness 0.08)))
    )
    (fp_line (start 1.68 0.95) (end -1.68 0.95) (layer F.CrtYd) (width 0.05))
    (fp_line (start 1.68 -0.95) (end 1.68 0.95) (layer F.CrtYd) (width 0.05))
    (fp_line (start -1.68 -0.95) (end 1.68 -0.95) (layer F.CrtYd) (width 0.05))
    (fp_line (start -1.68 0.95) (end -1.68 -0.95) (layer F.CrtYd) (width 0.05))
    (fp_line (start -0.258578 0.71) (end 0.258578 0.71) (layer F.SilkS) (width 0.12))
    (fp_line (start -0.258578 -0.71) (end 0.258578 -0.71) (layer F.SilkS) (width 0.12))
    (fp_line (start 1 0.6) (end -1 0.6) (layer F.Fab) (width 0.1))
    (fp_line (start 1 -0.6) (end 1 0.6) (layer F.Fab) (width 0.1))
    (fp_line (start -1 -0.6) (end 1 -0.6) (layer F.Fab) (width 0.1))
    (fp_line (start -1 0.6) (end -1 -0.6) (layer F.Fab) (width 0.1))
    (pad 2 smd roundrect (at 0.9375 0 180) (size 0.975 1.4) (layers F.Cu F.Paste F.Mask) (roundrect_rratio 0.25)
      (net 1 GND))
    (pad 1 smd roundrect (at -0.9375 0 180) (size 0.975 1.4) (layers F.Cu F.Paste F.Mask) (roundrect_rratio 0.25)
      (net 13 "Net-(C8-Pad1)"))
    (model ${KISYS3DMOD}/Capacitor_SMD.3dshapes/C_0805_2012Metric.wrl
      (at (xyz 0 0 0))
      (scale (xyz 1 1 1))
      (rotate (xyz 0 0 0))
    )
  )

  (module Capacitor_SMD:C_0805_2012Metric (layer F.Cu) (tedit 5B705191) (tstamp 5B73FAED)
    (at 13.97 26.162 180)
    (descr "Capacitor SMD 0805 (2012 Metric), square (rectangular) end terminal, IPC_7351 nominal, (Body size source: https://docs.google.com/spreadsheets/d/1BsfQQcO9C6DZCsRaXUlFlo91Tg2WpOkGARC1WS5S8t0/edit?usp=sharing), generated with kicad-footprint-generator")
    (tags capacitor)
    (path /5B6EA596)
    (attr smd)
    (fp_text reference C11 (at 0 -1.397) (layer F.SilkS)
      (effects (font (size 0.7 0.6) (thickness 0.15)))
    )
    (fp_text value 1000p (at 0 1.65 180) (layer F.Fab)
      (effects (font (size 1 1) (thickness 0.15)))
    )
    (fp_line (start -1 0.6) (end -1 -0.6) (layer F.Fab) (width 0.1))
    (fp_line (start -1 -0.6) (end 1 -0.6) (layer F.Fab) (width 0.1))
    (fp_line (start 1 -0.6) (end 1 0.6) (layer F.Fab) (width 0.1))
    (fp_line (start 1 0.6) (end -1 0.6) (layer F.Fab) (width 0.1))
    (fp_line (start -0.258578 -0.71) (end 0.258578 -0.71) (layer F.SilkS) (width 0.12))
    (fp_line (start -0.258578 0.71) (end 0.258578 0.71) (layer F.SilkS) (width 0.12))
    (fp_line (start -1.68 0.95) (end -1.68 -0.95) (layer F.CrtYd) (width 0.05))
    (fp_line (start -1.68 -0.95) (end 1.68 -0.95) (layer F.CrtYd) (width 0.05))
    (fp_line (start 1.68 -0.95) (end 1.68 0.95) (layer F.CrtYd) (width 0.05))
    (fp_line (start 1.68 0.95) (end -1.68 0.95) (layer F.CrtYd) (width 0.05))
    (fp_text user %R (at 0 0 180) (layer F.Fab)
      (effects (font (size 0.5 0.5) (thickness 0.08)))
    )
    (pad 1 smd roundrect (at -0.9375 0 180) (size 0.975 1.4) (layers F.Cu F.Paste F.Mask) (roundrect_rratio 0.25)
      (net 40 /BAT_PRESENSE))
    (pad 2 smd roundrect (at 0.9375 0 180) (size 0.975 1.4) (layers F.Cu F.Paste F.Mask) (roundrect_rratio 0.25)
      (net 2 BAT+))
    (model ${KISYS3DMOD}/Capacitor_SMD.3dshapes/C_0805_2012Metric.wrl
      (at (xyz 0 0 0))
      (scale (xyz 1 1 1))
      (rotate (xyz 0 0 0))
    )
  )

  (module Capacitor_SMD:C_0805_2012Metric (layer F.Cu) (tedit 5B705195) (tstamp 5B73FABD)
    (at 13.462 22.606 270)
    (descr "Capacitor SMD 0805 (2012 Metric), square (rectangular) end terminal, IPC_7351 nominal, (Body size source: https://docs.google.com/spreadsheets/d/1BsfQQcO9C6DZCsRaXUlFlo91Tg2WpOkGARC1WS5S8t0/edit?usp=sharing), generated with kicad-footprint-generator")
    (tags capacitor)
    (path /5B6EA628)
    (attr smd)
    (fp_text reference C12 (at 2.032 0 180) (layer F.SilkS)
      (effects (font (size 0.7 0.6) (thickness 0.15)))
    )
    (fp_text value 0.33u (at 0 1.65 270) (layer F.Fab)
      (effects (font (size 1 1) (thickness 0.15)))
    )
    (fp_line (start -1 0.6) (end -1 -0.6) (layer F.Fab) (width 0.1))
    (fp_line (start -1 -0.6) (end 1 -0.6) (layer F.Fab) (width 0.1))
    (fp_line (start 1 -0.6) (end 1 0.6) (layer F.Fab) (width 0.1))
    (fp_line (start 1 0.6) (end -1 0.6) (layer F.Fab) (width 0.1))
    (fp_line (start -0.258578 -0.71) (end 0.258578 -0.71) (layer F.SilkS) (width 0.12))
    (fp_line (start -0.258578 0.71) (end 0.258578 0.71) (layer F.SilkS) (width 0.12))
    (fp_line (start -1.68 0.95) (end -1.68 -0.95) (layer F.CrtYd) (width 0.05))
    (fp_line (start -1.68 -0.95) (end 1.68 -0.95) (layer F.CrtYd) (width 0.05))
    (fp_line (start 1.68 -0.95) (end 1.68 0.95) (layer F.CrtYd) (width 0.05))
    (fp_line (start 1.68 0.95) (end -1.68 0.95) (layer F.CrtYd) (width 0.05))
    (fp_text user %R (at 0 0 270) (layer F.Fab)
      (effects (font (size 0.5 0.5) (thickness 0.08)))
    )
    (pad 1 smd roundrect (at -0.9375 0 270) (size 0.975 1.4) (layers F.Cu F.Paste F.Mask) (roundrect_rratio 0.25)
      (net 14 "Net-(C12-Pad1)"))
    (pad 2 smd roundrect (at 0.9375 0 270) (size 0.975 1.4) (layers F.Cu F.Paste F.Mask) (roundrect_rratio 0.25)
      (net 40 /BAT_PRESENSE))
    (model ${KISYS3DMOD}/Capacitor_SMD.3dshapes/C_0805_2012Metric.wrl
      (at (xyz 0 0 0))
      (scale (xyz 1 1 1))
      (rotate (xyz 0 0 0))
    )
  )

  (module Capacitor_SMD:C_0805_2012Metric (layer F.Cu) (tedit 5B704C66) (tstamp 5B73FA8D)
    (at 24.638 29.337 270)
    (descr "Capacitor SMD 0805 (2012 Metric), square (rectangular) end terminal, IPC_7351 nominal, (Body size source: https://docs.google.com/spreadsheets/d/1BsfQQcO9C6DZCsRaXUlFlo91Tg2WpOkGARC1WS5S8t0/edit?usp=sharing), generated with kicad-footprint-generator")
    (tags capacitor)
    (path /5B6EBFF9)
    (attr smd)
    (fp_text reference C13 (at 2.032 0) (layer F.SilkS)
      (effects (font (size 0.7 0.6) (thickness 0.15)))
    )
    (fp_text value 0.1u (at 0 1.65 270) (layer F.Fab)
      (effects (font (size 1 1) (thickness 0.15)))
    )
    (fp_line (start -1 0.6) (end -1 -0.6) (layer F.Fab) (width 0.1))
    (fp_line (start -1 -0.6) (end 1 -0.6) (layer F.Fab) (width 0.1))
    (fp_line (start 1 -0.6) (end 1 0.6) (layer F.Fab) (width 0.1))
    (fp_line (start 1 0.6) (end -1 0.6) (layer F.Fab) (width 0.1))
    (fp_line (start -0.258578 -0.71) (end 0.258578 -0.71) (layer F.SilkS) (width 0.12))
    (fp_line (start -0.258578 0.71) (end 0.258578 0.71) (layer F.SilkS) (width 0.12))
    (fp_line (start -1.68 0.95) (end -1.68 -0.95) (layer F.CrtYd) (width 0.05))
    (fp_line (start -1.68 -0.95) (end 1.68 -0.95) (layer F.CrtYd) (width 0.05))
    (fp_line (start 1.68 -0.95) (end 1.68 0.95) (layer F.CrtYd) (width 0.05))
    (fp_line (start 1.68 0.95) (end -1.68 0.95) (layer F.CrtYd) (width 0.05))
    (fp_text user %R (at 0 0 270) (layer F.Fab)
      (effects (font (size 0.5 0.5) (thickness 0.08)))
    )
    (pad 1 smd roundrect (at -0.9375 0 270) (size 0.975 1.4) (layers F.Cu F.Paste F.Mask) (roundrect_rratio 0.25)
      (net 15 INT_VCC))
    (pad 2 smd roundrect (at 0.9375 0 270) (size 0.975 1.4) (layers F.Cu F.Paste F.Mask) (roundrect_rratio 0.25)
      (net 1 GND))
    (model ${KISYS3DMOD}/Capacitor_SMD.3dshapes/C_0805_2012Metric.wrl
      (at (xyz 0 0 0))
      (scale (xyz 1 1 1))
      (rotate (xyz 0 0 0))
    )
  )

  (module Capacitor_SMD:C_0805_2012Metric (layer F.Cu) (tedit 5B7051A1) (tstamp 5B73FA5D)
    (at 22.606 29.337 270)
    (descr "Capacitor SMD 0805 (2012 Metric), square (rectangular) end terminal, IPC_7351 nominal, (Body size source: https://docs.google.com/spreadsheets/d/1BsfQQcO9C6DZCsRaXUlFlo91Tg2WpOkGARC1WS5S8t0/edit?usp=sharing), generated with kicad-footprint-generator")
    (tags capacitor)
    (path /5B6EC08D)
    (attr smd)
    (fp_text reference C14 (at 2.032 0) (layer F.SilkS)
      (effects (font (size 0.7 0.6) (thickness 0.15)))
    )
    (fp_text value 0.1u (at 0 1.65 270) (layer F.Fab)
      (effects (font (size 1 1) (thickness 0.15)))
    )
    (fp_text user %R (at 0 0 270) (layer F.Fab)
      (effects (font (size 0.5 0.5) (thickness 0.08)))
    )
    (fp_line (start 1.68 0.95) (end -1.68 0.95) (layer F.CrtYd) (width 0.05))
    (fp_line (start 1.68 -0.95) (end 1.68 0.95) (layer F.CrtYd) (width 0.05))
    (fp_line (start -1.68 -0.95) (end 1.68 -0.95) (layer F.CrtYd) (width 0.05))
    (fp_line (start -1.68 0.95) (end -1.68 -0.95) (layer F.CrtYd) (width 0.05))
    (fp_line (start -0.258578 0.71) (end 0.258578 0.71) (layer F.SilkS) (width 0.12))
    (fp_line (start -0.258578 -0.71) (end 0.258578 -0.71) (layer F.SilkS) (width 0.12))
    (fp_line (start 1 0.6) (end -1 0.6) (layer F.Fab) (width 0.1))
    (fp_line (start 1 -0.6) (end 1 0.6) (layer F.Fab) (width 0.1))
    (fp_line (start -1 -0.6) (end 1 -0.6) (layer F.Fab) (width 0.1))
    (fp_line (start -1 0.6) (end -1 -0.6) (layer F.Fab) (width 0.1))
    (pad 2 smd roundrect (at 0.9375 0 270) (size 0.975 1.4) (layers F.Cu F.Paste F.Mask) (roundrect_rratio 0.25)
      (net 1 GND))
    (pad 1 smd roundrect (at -0.9375 0 270) (size 0.975 1.4) (layers F.Cu F.Paste F.Mask) (roundrect_rratio 0.25)
      (net 15 INT_VCC))
    (model ${KISYS3DMOD}/Capacitor_SMD.3dshapes/C_0805_2012Metric.wrl
      (at (xyz 0 0 0))
      (scale (xyz 1 1 1))
      (rotate (xyz 0 0 0))
    )
  )

  (module Capacitor_SMD:C_0805_2012Metric (layer F.Cu) (tedit 5B704C0F) (tstamp 5B73FA2D)
    (at 26.543 29.337 90)
    (descr "Capacitor SMD 0805 (2012 Metric), square (rectangular) end terminal, IPC_7351 nominal, (Body size source: https://docs.google.com/spreadsheets/d/1BsfQQcO9C6DZCsRaXUlFlo91Tg2WpOkGARC1WS5S8t0/edit?usp=sharing), generated with kicad-footprint-generator")
    (tags capacitor)
    (path /5B6E7AD5)
    (attr smd)
    (fp_text reference C15 (at -2.032 0) (layer F.SilkS)
      (effects (font (size 0.7 0.6) (thickness 0.15)))
    )
    (fp_text value 0.33u (at 0 1.65 90) (layer F.Fab)
      (effects (font (size 1 1) (thickness 0.15)))
    )
    (fp_text user %R (at 0 0 90) (layer F.Fab)
      (effects (font (size 0.5 0.5) (thickness 0.08)))
    )
    (fp_line (start 1.68 0.95) (end -1.68 0.95) (layer F.CrtYd) (width 0.05))
    (fp_line (start 1.68 -0.95) (end 1.68 0.95) (layer F.CrtYd) (width 0.05))
    (fp_line (start -1.68 -0.95) (end 1.68 -0.95) (layer F.CrtYd) (width 0.05))
    (fp_line (start -1.68 0.95) (end -1.68 -0.95) (layer F.CrtYd) (width 0.05))
    (fp_line (start -0.258578 0.71) (end 0.258578 0.71) (layer F.SilkS) (width 0.12))
    (fp_line (start -0.258578 -0.71) (end 0.258578 -0.71) (layer F.SilkS) (width 0.12))
    (fp_line (start 1 0.6) (end -1 0.6) (layer F.Fab) (width 0.1))
    (fp_line (start 1 -0.6) (end 1 0.6) (layer F.Fab) (width 0.1))
    (fp_line (start -1 -0.6) (end 1 -0.6) (layer F.Fab) (width 0.1))
    (fp_line (start -1 0.6) (end -1 -0.6) (layer F.Fab) (width 0.1))
    (pad 2 smd roundrect (at 0.9375 0 90) (size 0.975 1.4) (layers F.Cu F.Paste F.Mask) (roundrect_rratio 0.25)
      (net 16 "Net-(C15-Pad2)"))
    (pad 1 smd roundrect (at -0.9375 0 90) (size 0.975 1.4) (layers F.Cu F.Paste F.Mask) (roundrect_rratio 0.25)
      (net 17 LOAD+))
    (model ${KISYS3DMOD}/Capacitor_SMD.3dshapes/C_0805_2012Metric.wrl
      (at (xyz 0 0 0))
      (scale (xyz 1 1 1))
      (rotate (xyz 0 0 0))
    )
  )

  (module Capacitor_SMD:C_0805_2012Metric (layer F.Cu) (tedit 5B704C2B) (tstamp 5B72A849)
    (at 31.5445 26.035 180)
    (descr "Capacitor SMD 0805 (2012 Metric), square (rectangular) end terminal, IPC_7351 nominal, (Body size source: https://docs.google.com/spreadsheets/d/1BsfQQcO9C6DZCsRaXUlFlo91Tg2WpOkGARC1WS5S8t0/edit?usp=sharing), generated with kicad-footprint-generator")
    (tags capacitor)
    (path /5B6E3C9B)
    (attr smd)
    (fp_text reference C16 (at 0.0485 1.397 180) (layer F.SilkS)
      (effects (font (size 0.7 0.6) (thickness 0.15)))
    )
    (fp_text value 1000p (at 0 1.65 180) (layer F.Fab)
      (effects (font (size 1 1) (thickness 0.15)))
    )
    (fp_line (start -1 0.6) (end -1 -0.6) (layer F.Fab) (width 0.1))
    (fp_line (start -1 -0.6) (end 1 -0.6) (layer F.Fab) (width 0.1))
    (fp_line (start 1 -0.6) (end 1 0.6) (layer F.Fab) (width 0.1))
    (fp_line (start 1 0.6) (end -1 0.6) (layer F.Fab) (width 0.1))
    (fp_line (start -0.258578 -0.71) (end 0.258578 -0.71) (layer F.SilkS) (width 0.12))
    (fp_line (start -0.258578 0.71) (end 0.258578 0.71) (layer F.SilkS) (width 0.12))
    (fp_line (start -1.68 0.95) (end -1.68 -0.95) (layer F.CrtYd) (width 0.05))
    (fp_line (start -1.68 -0.95) (end 1.68 -0.95) (layer F.CrtYd) (width 0.05))
    (fp_line (start 1.68 -0.95) (end 1.68 0.95) (layer F.CrtYd) (width 0.05))
    (fp_line (start 1.68 0.95) (end -1.68 0.95) (layer F.CrtYd) (width 0.05))
    (fp_text user %R (at 0 0 180) (layer F.Fab)
      (effects (font (size 0.5 0.5) (thickness 0.08)))
    )
    (pad 1 smd roundrect (at -0.9375 0 180) (size 0.975 1.4) (layers F.Cu F.Paste F.Mask) (roundrect_rratio 0.25)
      (net 18 "Net-(C16-Pad1)"))
    (pad 2 smd roundrect (at 0.9375 0 180) (size 0.975 1.4) (layers F.Cu F.Paste F.Mask) (roundrect_rratio 0.25)
      (net 19 "Net-(C16-Pad2)"))
    (model ${KISYS3DMOD}/Capacitor_SMD.3dshapes/C_0805_2012Metric.wrl
      (at (xyz 0 0 0))
      (scale (xyz 1 1 1))
      (rotate (xyz 0 0 0))
    )
  )

  (module Capacitor_SMD:C_1206_3216Metric (layer F.Cu) (tedit 5B705122) (tstamp 5B73F9CD)
    (at 25.146 35.052 90)
    (descr "Capacitor SMD 1206 (3216 Metric), square (rectangular) end terminal, IPC_7351 nominal, (Body size source: http://www.tortai-tech.com/upload/download/2011102023233369053.pdf), generated with kicad-footprint-generator")
    (tags capacitor)
    (path /5B6E4FD5)
    (attr smd)
    (fp_text reference C17 (at -2.794 0 180) (layer F.SilkS)
      (effects (font (size 0.7 0.6) (thickness 0.15)))
    )
    (fp_text value 0.1u (at 0 1.82 90) (layer F.Fab)
      (effects (font (size 1 1) (thickness 0.15)))
    )
    (fp_line (start -1.6 0.8) (end -1.6 -0.8) (layer F.Fab) (width 0.1))
    (fp_line (start -1.6 -0.8) (end 1.6 -0.8) (layer F.Fab) (width 0.1))
    (fp_line (start 1.6 -0.8) (end 1.6 0.8) (layer F.Fab) (width 0.1))
    (fp_line (start 1.6 0.8) (end -1.6 0.8) (layer F.Fab) (width 0.1))
    (fp_line (start -0.602064 -0.91) (end 0.602064 -0.91) (layer F.SilkS) (width 0.12))
    (fp_line (start -0.602064 0.91) (end 0.602064 0.91) (layer F.SilkS) (width 0.12))
    (fp_line (start -2.28 1.12) (end -2.28 -1.12) (layer F.CrtYd) (width 0.05))
    (fp_line (start -2.28 -1.12) (end 2.28 -1.12) (layer F.CrtYd) (width 0.05))
    (fp_line (start 2.28 -1.12) (end 2.28 1.12) (layer F.CrtYd) (width 0.05))
    (fp_line (start 2.28 1.12) (end -2.28 1.12) (layer F.CrtYd) (width 0.05))
    (fp_text user %R (at 0 0 90) (layer F.Fab)
      (effects (font (size 0.8 0.8) (thickness 0.12)))
    )
    (pad 1 smd roundrect (at -1.4 0 90) (size 1.25 1.75) (layers F.Cu F.Paste F.Mask) (roundrect_rratio 0.2)
      (net 17 LOAD+))
    (pad 2 smd roundrect (at 1.4 0 90) (size 1.25 1.75) (layers F.Cu F.Paste F.Mask) (roundrect_rratio 0.2)
      (net 1 GND))
    (model ${KISYS3DMOD}/Capacitor_SMD.3dshapes/C_1206_3216Metric.wrl
      (at (xyz 0 0 0))
      (scale (xyz 1 1 1))
      (rotate (xyz 0 0 0))
    )
  )

  (module Capacitor_SMD:C_0805_2012Metric (layer F.Cu) (tedit 5B70519E) (tstamp 5B73F96D)
    (at 17.526 28.448)
    (descr "Capacitor SMD 0805 (2012 Metric), square (rectangular) end terminal, IPC_7351 nominal, (Body size source: https://docs.google.com/spreadsheets/d/1BsfQQcO9C6DZCsRaXUlFlo91Tg2WpOkGARC1WS5S8t0/edit?usp=sharing), generated with kicad-footprint-generator")
    (tags capacitor)
    (path /5B6EC69B)
    (attr smd)
    (fp_text reference Cb1 (at 0 1.397) (layer F.SilkS)
      (effects (font (size 0.7 0.6) (thickness 0.15)))
    )
    (fp_text value 0.47u (at 0 1.65) (layer F.Fab)
      (effects (font (size 1 1) (thickness 0.15)))
    )
    (fp_line (start -1 0.6) (end -1 -0.6) (layer F.Fab) (width 0.1))
    (fp_line (start -1 -0.6) (end 1 -0.6) (layer F.Fab) (width 0.1))
    (fp_line (start 1 -0.6) (end 1 0.6) (layer F.Fab) (width 0.1))
    (fp_line (start 1 0.6) (end -1 0.6) (layer F.Fab) (width 0.1))
    (fp_line (start -0.258578 -0.71) (end 0.258578 -0.71) (layer F.SilkS) (width 0.12))
    (fp_line (start -0.258578 0.71) (end 0.258578 0.71) (layer F.SilkS) (width 0.12))
    (fp_line (start -1.68 0.95) (end -1.68 -0.95) (layer F.CrtYd) (width 0.05))
    (fp_line (start -1.68 -0.95) (end 1.68 -0.95) (layer F.CrtYd) (width 0.05))
    (fp_line (start 1.68 -0.95) (end 1.68 0.95) (layer F.CrtYd) (width 0.05))
    (fp_line (start 1.68 0.95) (end -1.68 0.95) (layer F.CrtYd) (width 0.05))
    (fp_text user %R (at 0 0) (layer F.Fab)
      (effects (font (size 0.5 0.5) (thickness 0.08)))
    )
    (pad 1 smd roundrect (at -0.9375 0) (size 0.975 1.4) (layers F.Cu F.Paste F.Mask) (roundrect_rratio 0.25)
      (net 41 /SW))
    (pad 2 smd roundrect (at 0.9375 0) (size 0.975 1.4) (layers F.Cu F.Paste F.Mask) (roundrect_rratio 0.25)
      (net 21 "Net-(Cb1-Pad2)"))
    (model ${KISYS3DMOD}/Capacitor_SMD.3dshapes/C_0805_2012Metric.wrl
      (at (xyz 0 0 0))
      (scale (xyz 1 1 1))
      (rotate (xyz 0 0 0))
    )
  )

  (module Capacitor_SMD:C_0805_2012Metric (layer F.Cu) (tedit 5B704EC4) (tstamp 5B73F93D)
    (at 20.0175 17.145)
